0 0.025000 0.295833 0.025000 0.300000 0.028125 0.300000 0.031250 0.304167 0.031250 0.306250 0.034375 0.312500 0.034375 0.316667 0.037500 0.322917 0.037500 0.327083 0.039062 0.329167 0.039062 0.331250 0.042188 0.337500 0.042188 0.341667 0.045312 0.347917 0.045312 0.352083 0.048438 0.356250 0.048438 0.358333 0.051562 0.362500 0.076563 0.362500 0.078125 0.360417 0.085938 0.360417 0.089063 0.356250 0.089063 0.347917 0.087500 0.345833 0.087500 0.337500 0.085938 0.335417 0.085938 0.325000 0.084375 0.322917 0.084375 0.312500 0.082812 0.310417 0.082812 0.300000 0.084375 0.297917 0.085938 0.297917 0.084375 0.295833 0.084375 0.293750 0.078125 0.293750 0.073438 0.289583 0.037500 0.289583 0.035937 0.291667 0.032813 0.291667 0.031250 0.293750 0.028125 0.293750 0.026562 0.295833
0 0.356250 0.295833 0.354687 0.297917 0.354687 0.300000 0.356250 0.300000 0.359375 0.304167 0.359375 0.314583 0.360938 0.316667 0.360938 0.327083 0.362500 0.329167 0.362500 0.339583 0.364063 0.341667 0.364063 0.350000 0.365625 0.352083 0.365625 0.358333 0.367188 0.360417 0.367188 0.364583 0.368750 0.364583 0.370312 0.366667 0.395313 0.366667 0.396875 0.364583 0.398438 0.364583 0.398438 0.362500 0.400000 0.360417 0.400000 0.302083 0.401562 0.300000 0.403125 0.300000 0.403125 0.295833 0.398438 0.295833 0.395313 0.291667 0.364063 0.291667 0.360938 0.295833
0 0.415625 0.383333 0.403125 0.397917 0.401562 0.422917 0.409375 0.435417 0.421875 0.443750 0.445312 0.677083 0.456250 0.712500 0.476562 0.737500 0.510938 0.754167 0.546875 0.754167 0.579688 0.737500 0.595313 0.716667 0.606250 0.685417 0.637500 0.454167 0.640625 0.445833 0.653125 0.439583 0.659375 0.431250 0.660937 0.406250 0.657813 0.397917 0.645312 0.385417 0.620313 0.377083 0.610938 0.368750 0.590625 0.360417 0.542188 0.354167 0.475000 0.358333
0 0.325000 0.377083 0.295312 0.370833 0.278125 0.360417 0.251563 0.356250 0.182812 0.358333 0.159375 0.364583 0.137500 0.364583 0.118750 0.368750 0.089063 0.381250 0.078125 0.391667 0.050000 0.400000 0.028125 0.418750 0.026562 0.441667 0.029687 0.452083 0.039062 0.460417 0.064062 0.468750 0.140625 0.710417 0.156250 0.741667 0.170313 0.758333 0.198437 0.768750 0.248438 0.760417 0.285938 0.739583 0.300000 0.727083 0.320312 0.697917 0.329688 0.656250 0.323437 0.427083 0.339062 0.410417 0.335938 0.389583
0 0.806250 0.291667 0.806250 0.293750 0.807813 0.295833 0.807813 0.310417 0.806250 0.312500 0.806250 0.329167 0.804688 0.331250 0.804688 0.345833 0.806250 0.347917 0.809375 0.347917 0.810937 0.350000 0.832812 0.350000 0.835938 0.345833 0.835938 0.343750 0.837500 0.341667 0.837500 0.337500 0.839063 0.335417 0.839063 0.331250 0.840625 0.329167 0.840625 0.325000 0.842187 0.322917 0.842187 0.318750 0.843750 0.316667 0.843750 0.312500 0.845313 0.310417 0.845313 0.306250 0.846875 0.304167 0.846875 0.300000 0.850000 0.295833 0.851562 0.295833 0.851562 0.291667 0.846875 0.291667 0.845313 0.289583 0.843750 0.289583 0.842187 0.287500 0.815625 0.287500 0.814063 0.289583 0.812500 0.289583 0.810937 0.291667
0 0.000000 0.287500 0.000000 0.322917 0.001563 0.325000 0.001563 0.329167 0.003125 0.331250 0.003125 0.335417 0.004687 0.337500 0.004687 0.341667 0.001563 0.345833 0.001563 0.350000 0.003125 0.352083 0.003125 0.354167 0.004687 0.356250 0.004687 0.360417 0.006250 0.362500 0.006250 0.366667 0.015625 0.366667 0.017188 0.364583 0.018750 0.364583 0.018750 0.362500 0.017188 0.360417 0.017188 0.356250 0.015625 0.354167 0.015625 0.352083 0.014063 0.350000 0.014063 0.341667 0.012500 0.339583 0.012500 0.337500 0.010937 0.335417 0.010937 0.331250 0.009375 0.329167 0.009375 0.325000 0.007812 0.322917 0.007812 0.318750 0.006250 0.316667 0.006250 0.312500 0.004687 0.310417 0.004687 0.308333 0.003125 0.306250 0.003125 0.300000 0.001563 0.297917 0.001563 0.293750 0.000000 0.291667
0 0.493750 0.287500 0.493750 0.354167 0.520312 0.354167 0.520312 0.339583 0.521875 0.337500 0.520312 0.335417 0.520312 0.322917 0.521875 0.320833 0.521875 0.287500
0 0.657813 0.283333 0.657813 0.285417 0.656250 0.287500 0.656250 0.306250 0.654687 0.308333 0.654687 0.325000 0.653125 0.327083 0.653125 0.333333 0.671875 0.333333 0.671875 0.331250 0.673438 0.329167 0.673438 0.312500 0.675000 0.310417 0.675000 0.295833 0.676562 0.293750 0.676562 0.283333
0 0.631250 0.283333 0.631250 0.306250 0.629687 0.308333 0.629687 0.331250 0.628125 0.333333 0.628125 0.335417 0.632812 0.335417 0.634375 0.337500 0.646875 0.337500 0.648438 0.335417 0.648438 0.322917 0.650000 0.320833 0.650000 0.302083 0.651563 0.300000 0.651563 0.285417 0.653125 0.283333
0 0.635938 0.225000 0.635938 0.235417 0.634375 0.237500 0.634375 0.258333 0.632812 0.260417 0.632812 0.279167 0.653125 0.279167 0.653125 0.264583 0.654687 0.262500 0.653125 0.260417 0.654687 0.258333 0.654687 0.239583 0.656250 0.237500 0.656250 0.225000
0 0.507812 0.283333 0.487500 0.283333 0.487500 0.339583 0.492188 0.339583 0.492188 0.287500 0.493750 0.285417 0.507812 0.285417
