0 0.581250 0.516667 0.578125 0.516667 0.578125 0.525000 0.576562 0.527083 0.576562 0.568750 0.576562 0.566667 0.578125 0.564583 0.578125 0.545833 0.579688 0.543750 0.579688 0.522917 0.581250 0.520833 0.582812 0.520833 0.582812 0.518750
0 0.000000 0.493750 0.000000 0.500000 0.003125 0.500000 0.004687 0.502083 0.004687 0.550000 0.006250 0.552083 0.006250 0.575000 0.007812 0.577083 0.007812 0.579167 0.009375 0.581250 0.012500 0.581250 0.014063 0.583333 0.045312 0.583333 0.046875 0.581250 0.060937 0.581250 0.062500 0.579167 0.064062 0.579167 0.064062 0.577083 0.067187 0.570833 0.067187 0.560417 0.068750 0.558333 0.068750 0.550000 0.070312 0.547917 0.070312 0.537500 0.071875 0.535417 0.071875 0.527083 0.073438 0.525000 0.073438 0.514583 0.075000 0.512500 0.075000 0.506250 0.076563 0.504167 0.079687 0.504167 0.081250 0.502083 0.078125 0.497917 0.073438 0.497917 0.071875 0.495833 0.070312 0.495833 0.068750 0.493750 0.065625 0.493750 0.064062 0.491667 0.053125 0.491667 0.051562 0.489583 0.015625 0.489583 0.010937 0.493750
0 0.000000 0.493750 0.000000 0.500000 0.003125 0.500000 0.004687 0.502083 0.004687 0.550000 0.006250 0.552083 0.006250 0.575000 0.007812 0.577083 0.007812 0.579167 0.009375 0.581250 0.012500 0.581250 0.014063 0.583333 0.045312 0.583333 0.046875 0.581250 0.060937 0.581250 0.062500 0.579167 0.064062 0.579167 0.064062 0.577083 0.067187 0.570833 0.067187 0.560417 0.068750 0.558333 0.068750 0.550000 0.070312 0.547917 0.070312 0.537500 0.071875 0.535417 0.071875 0.527083 0.073438 0.525000 0.073438 0.514583 0.075000 0.512500 0.075000 0.506250 0.076563 0.504167 0.079687 0.504167 0.081250 0.502083 0.078125 0.497917 0.073438 0.497917 0.071875 0.495833 0.070312 0.495833 0.068750 0.493750 0.065625 0.493750 0.064062 0.491667 0.053125 0.491667 0.051562 0.489583 0.015625 0.489583 0.010937 0.493750
0 0.234375 0.518750 0.232813 0.520833 0.235937 0.525000 0.235937 0.560417 0.237500 0.562500 0.237500 0.568750 0.262500 0.568750 0.264062 0.566667 0.264062 0.562500 0.265625 0.560417 0.265625 0.545833 0.267188 0.543750 0.267188 0.529167 0.268750 0.527083 0.268750 0.525000 0.270313 0.522917 0.270313 0.520833 0.268750 0.520833 0.267188 0.518750 0.265625 0.518750 0.264062 0.516667 0.239063 0.516667 0.237500 0.518750
0 0.271875 0.520833 0.271875 0.522917 0.270313 0.525000 0.270313 0.535417 0.271875 0.537500 0.271875 0.564583 0.273438 0.566667 0.275000 0.566667 0.276562 0.568750 0.287500 0.568750 0.289062 0.566667 0.295312 0.566667 0.296875 0.564583 0.296875 0.554167 0.298438 0.552083 0.298438 0.537500 0.300000 0.535417 0.300000 0.527083 0.301563 0.525000 0.303125 0.525000 0.301563 0.522917 0.298438 0.522917 0.296875 0.520833 0.293750 0.520833 0.292187 0.518750 0.276562 0.518750 0.275000 0.520833
0 0.400000 0.300000 0.375000 0.320833 0.368750 0.339583 0.368750 0.358333 0.385937 0.379167 0.396875 0.629167 0.400000 0.633333 0.404687 0.664583 0.410938 0.672917 0.426563 0.681250 0.476562 0.689583 0.525000 0.685417 0.557813 0.670833 0.565625 0.656250 0.567187 0.633333 0.571875 0.616667 0.582812 0.381250 0.598437 0.362500 0.600000 0.345833 0.596875 0.331250 0.585938 0.314583 0.568750 0.302083 0.515625 0.285417 0.446875 0.285417
0 0.998437 0.410417 0.996875 0.410417 0.995313 0.412500 0.990625 0.412500 0.989062 0.414583 0.984375 0.414583 0.982812 0.416667 0.978125 0.418750 0.978125 0.420833 0.979688 0.420833 0.981250 0.422917 0.981250 0.433333 0.982812 0.435417 0.982812 0.456250 0.984375 0.458333 0.984375 0.477083 0.982812 0.479167 0.982812 0.483333 0.984375 0.483333 0.985938 0.485417 0.985938 0.508333 0.987500 0.510417 0.987500 0.533333 0.989062 0.535417 0.989062 0.547917 0.987500 0.550000 0.987500 0.552083 0.989062 0.554167 0.989062 0.558333 0.990625 0.560417 0.990625 0.572917 0.992188 0.575000 0.990625 0.577083 0.990625 0.583333 0.992188 0.585417 0.992188 0.608333 0.993750 0.610417 0.990625 0.614583 0.992188 0.614583 0.993750 0.616667 0.998437 0.616667
0 0.851562 0.445833 0.850000 0.447917 0.851562 0.452083 0.851562 0.477083 0.853125 0.479167 0.851562 0.481250 0.853125 0.483333 0.853125 0.493750 0.851562 0.497917 0.853125 0.500000 0.853125 0.514583 0.854688 0.516667 0.854688 0.552083 0.856250 0.554167 0.856250 0.562500 0.857812 0.564583 0.856250 0.566667 0.856250 0.583333 0.857812 0.585417 0.857812 0.597917 0.856250 0.600000 0.857812 0.602083 0.868750 0.602083 0.870313 0.604167 0.892188 0.604167 0.893750 0.606250 0.940625 0.606250 0.942187 0.604167 0.939063 0.600000 0.939063 0.575000 0.937500 0.572917 0.937500 0.554167 0.939063 0.550000 0.935937 0.543750 0.935937 0.518750 0.934375 0.516667 0.934375 0.493750 0.935937 0.491667 0.932813 0.487500 0.932813 0.462500 0.931250 0.460417 0.931250 0.441667 0.932813 0.439583 0.931250 0.437500 0.890625 0.437500 0.889062 0.439583 0.875000 0.439583 0.873437 0.441667 0.864062 0.441667 0.862500 0.443750 0.856250 0.443750 0.854688 0.445833
0 0.920312 0.268750 0.914062 0.268750 0.912500 0.266667 0.901563 0.266667 0.900000 0.268750 0.889062 0.268750 0.887500 0.270833 0.881250 0.270833 0.879687 0.272917 0.875000 0.272917 0.873437 0.275000 0.868750 0.275000 0.867188 0.277083 0.859375 0.279167 0.846875 0.287500 0.842187 0.293750 0.842187 0.297917 0.843750 0.300000 0.843750 0.308333 0.845313 0.310417 0.845313 0.339583 0.843750 0.343750 0.846875 0.347917 0.846875 0.377083 0.848437 0.379167 0.848437 0.391667 0.846875 0.395833 0.848437 0.397917 0.848437 0.410417 0.850000 0.412500 0.850000 0.439583 0.848437 0.441667 0.850000 0.443750 0.862500 0.441667 0.864062 0.439583 0.873437 0.439583 0.875000 0.437500 0.889062 0.437500 0.890625 0.435417 0.929688 0.435417 0.932813 0.431250 0.929688 0.429167 0.929688 0.406250 0.928125 0.404167 0.928125 0.383333 0.929688 0.379167 0.926562 0.377083 0.926562 0.352083 0.925000 0.350000 0.925000 0.327083 0.926562 0.322917 0.923438 0.318750 0.923438 0.295833 0.921875 0.293750 0.921875 0.279167 0.923438 0.277083 0.923438 0.272917
0 0.731250 0.495833 0.731250 0.518750 0.732812 0.520833 0.731250 0.522917 0.732812 0.525000 0.732812 0.570833 0.734375 0.572917 0.734375 0.575000 0.732812 0.577083 0.739062 0.577083 0.740625 0.579167 0.770312 0.579167 0.770312 0.566667 0.768750 0.564583 0.768750 0.554167 0.770312 0.552083 0.768750 0.550000 0.768750 0.520833 0.767188 0.518750 0.767188 0.493750 0.742188 0.493750 0.740625 0.495833
