0 0.653125 0.452083 0.651563 0.454167 0.651563 0.456250 0.653125 0.456250 0.654687 0.458333 0.654687 0.460417 0.656250 0.462500 0.656250 0.493750 0.657813 0.495833 0.657813 0.510417 0.659375 0.512500 0.659375 0.514583 0.660937 0.514583 0.662500 0.516667 0.689063 0.516667 0.690625 0.514583 0.690625 0.510417 0.692187 0.508333 0.692187 0.495833 0.693750 0.493750 0.693750 0.477083 0.695312 0.475000 0.695312 0.458333 0.696875 0.456250 0.700000 0.456250 0.700000 0.454167 0.698438 0.452083 0.693750 0.452083 0.690625 0.447917 0.660937 0.447917 0.657813 0.452083
0 0.003125 0.447917 0.000000 0.447917 0.000000 0.529167 0.000000 0.495833 0.001563 0.493750 0.001563 0.456250 0.003125 0.454167 0.007812 0.454167 0.007812 0.452083 0.006250 0.450000 0.004687 0.450000
0 0.256250 0.450000 0.253125 0.454167 0.248438 0.454167 0.248438 0.456250 0.250000 0.456250 0.251563 0.458333 0.251563 0.466667 0.253125 0.468750 0.253125 0.483333 0.254688 0.485417 0.254688 0.497917 0.256250 0.500000 0.256250 0.502083 0.257812 0.504167 0.262500 0.504167 0.262500 0.489583 0.264062 0.487500 0.262500 0.485417 0.262500 0.479167 0.264062 0.477083 0.262500 0.475000 0.262500 0.466667 0.264062 0.464583 0.262500 0.462500 0.262500 0.458333 0.260937 0.456250 0.260937 0.450000
0 0.256250 0.450000 0.253125 0.454167 0.248438 0.454167 0.248438 0.456250 0.250000 0.456250 0.251563 0.458333 0.251563 0.466667 0.253125 0.468750 0.253125 0.483333 0.254688 0.485417 0.254688 0.497917 0.256250 0.500000 0.256250 0.502083 0.257812 0.504167 0.262500 0.504167 0.262500 0.489583 0.264062 0.487500 0.262500 0.485417 0.262500 0.479167 0.264062 0.477083 0.262500 0.475000 0.262500 0.466667 0.264062 0.464583 0.262500 0.462500 0.262500 0.458333 0.260937 0.456250 0.260937 0.450000
0 0.434375 0.452083 0.431250 0.452083 0.429688 0.454167 0.428125 0.454167 0.426563 0.456250 0.428125 0.456250 0.429688 0.458333 0.429688 0.479167 0.431250 0.481250 0.431250 0.491667 0.432812 0.493750 0.432812 0.489583 0.434375 0.487500
0 0.207813 0.454167 0.204687 0.454167 0.203125 0.452083 0.190625 0.452083 0.190625 0.460417 0.192188 0.462500 0.192188 0.487500 0.192188 0.485417 0.195312 0.481250 0.196875 0.483333 0.196875 0.487500 0.196875 0.485417 0.198437 0.483333 0.198437 0.481250 0.200000 0.479167 0.201563 0.481250 0.201563 0.485417 0.203125 0.483333 0.203125 0.479167 0.204687 0.477083 0.206250 0.479167 0.206250 0.481250 0.206250 0.458333 0.207813 0.456250 0.209375 0.456250
0 0.576562 0.443750 0.576562 0.497917 0.575000 0.500000 0.576562 0.502083 0.576562 0.525000 0.575000 0.527083 0.582812 0.527083 0.584375 0.529167 0.606250 0.529167 0.607812 0.527083 0.609375 0.527083 0.609375 0.443750 0.607812 0.441667 0.582812 0.441667 0.581250 0.443750
0 0.262500 0.383333 0.257812 0.389583 0.262500 0.395833 0.262500 0.456250 0.265625 0.464583 0.264062 0.504167 0.260937 0.506250 0.260937 0.512500 0.265625 0.525000 0.267188 0.633333 0.264062 0.647917 0.268750 0.658333 0.270313 0.725000 0.267188 0.764583 0.281250 0.781250 0.307812 0.789583 0.346875 0.787500 0.390625 0.770833 0.406250 0.758333 0.418750 0.737500 0.418750 0.727083 0.415625 0.720833 0.414062 0.645833 0.417187 0.633333 0.417187 0.620833 0.414062 0.616667 0.414062 0.510417 0.417187 0.508333 0.417187 0.502083 0.414062 0.500000 0.412500 0.485417 0.412500 0.400000 0.415625 0.393750 0.406250 0.387500 0.365625 0.381250 0.293750 0.379167
0 0.435937 0.410417 0.432812 0.412500 0.435937 0.416667 0.435937 0.487500 0.434375 0.489583 0.435937 0.495833 0.435937 0.572917 0.434375 0.581250 0.435937 0.583333 0.435937 0.641667 0.437500 0.643750 0.434375 0.656250 0.442188 0.666667 0.470313 0.675000 0.493750 0.675000 0.495312 0.672917 0.506250 0.672917 0.523438 0.666667 0.532813 0.658333 0.532813 0.650000 0.531250 0.647917 0.531250 0.583333 0.532813 0.581250 0.531250 0.572917 0.531250 0.495833 0.534375 0.493750 0.534375 0.489583 0.531250 0.487500 0.531250 0.416667 0.534375 0.412500 0.531250 0.410417 0.518750 0.410417 0.517188 0.408333 0.446875 0.408333 0.445312 0.410417
0 0.450000 0.120833 0.439063 0.129167 0.432812 0.137500 0.431250 0.152083 0.434375 0.160417 0.434375 0.220833 0.431250 0.227083 0.431250 0.233333 0.434375 0.239583 0.434375 0.316667 0.432812 0.325000 0.434375 0.327083 0.434375 0.350000 0.435937 0.352083 0.434375 0.354167 0.434375 0.395833 0.435937 0.397917 0.432812 0.402083 0.439063 0.406250 0.529687 0.406250 0.534375 0.404167 0.531250 0.397917 0.531250 0.377083 0.532813 0.375000 0.532813 0.354167 0.531250 0.352083 0.532813 0.350000 0.532813 0.339583 0.531250 0.337500 0.534375 0.327083 0.532813 0.316667 0.532813 0.239583 0.534375 0.237500 0.534375 0.227083 0.532813 0.225000 0.532813 0.160417 0.534375 0.158333 0.534375 0.141667 0.523438 0.127083 0.501563 0.116667 0.471875 0.114583
0 0.762500 0.435417 0.764062 0.437500 0.764062 0.460417 0.762500 0.462500 0.764062 0.464583 0.762500 0.466667 0.764062 0.468750 0.760938 0.475000 0.762500 0.477083 0.762500 0.518750 0.760938 0.520833 0.760938 0.527083 0.762500 0.529167 0.760938 0.531250 0.760938 0.558333 0.759375 0.560417 0.759375 0.562500 0.760938 0.562500 0.762500 0.564583 0.767188 0.564583 0.768750 0.566667 0.776563 0.566667 0.778125 0.568750 0.793750 0.568750 0.795312 0.570833 0.815625 0.570833 0.817187 0.568750 0.821875 0.568750 0.821875 0.566667 0.820312 0.564583 0.820312 0.543750 0.821875 0.541667 0.821875 0.527083 0.823438 0.525000 0.821875 0.522917 0.821875 0.493750 0.823438 0.491667 0.823438 0.479167 0.825000 0.477083 0.823438 0.475000 0.823438 0.445833 0.825000 0.443750 0.825000 0.435417 0.826562 0.433333 0.765625 0.433333 0.764062 0.435417
