0 0.809375 0.456250 0.806250 0.460417 0.806250 0.462500 0.809375 0.462500 0.810937 0.464583 0.810937 0.472917 0.812500 0.475000 0.812500 0.495833 0.814063 0.497917 0.814063 0.518750 0.815625 0.520833 0.815625 0.529167 0.817187 0.531250 0.817187 0.533333 0.818750 0.535417 0.821875 0.535417 0.823438 0.537500 0.860938 0.537500 0.864062 0.533333 0.864062 0.529167 0.865625 0.527083 0.865625 0.516667 0.867188 0.514583 0.867188 0.495833 0.868750 0.493750 0.868750 0.477083 0.870313 0.475000 0.870313 0.462500 0.871875 0.460417 0.875000 0.460417 0.875000 0.456250 0.873437 0.454167 0.865625 0.454167 0.860938 0.450000 0.832812 0.450000 0.831250 0.452083 0.820312 0.452083 0.815625 0.456250
0 0.107813 0.456250 0.106250 0.458333 0.106250 0.460417 0.110937 0.460417 0.112500 0.462500 0.112500 0.481250 0.114062 0.483333 0.114062 0.500000 0.115625 0.502083 0.115625 0.518750 0.117188 0.520833 0.117188 0.529167 0.118750 0.531250 0.118750 0.535417 0.120313 0.535417 0.121875 0.537500 0.156250 0.537500 0.157812 0.535417 0.159375 0.535417 0.159375 0.485417 0.157812 0.483333 0.157812 0.452083 0.146875 0.452083 0.145313 0.450000 0.123438 0.450000 0.121875 0.452083 0.118750 0.452083 0.117188 0.454167 0.110937 0.454167 0.109375 0.456250
0 0.379688 0.470833 0.378125 0.472917 0.378125 0.475000 0.379688 0.475000 0.381250 0.477083 0.381250 0.502083 0.382812 0.504167 0.382812 0.516667 0.385937 0.520833 0.403125 0.520833 0.404687 0.518750 0.406250 0.518750 0.406250 0.514583 0.407813 0.512500 0.407813 0.493750 0.409375 0.491667 0.409375 0.477083 0.410938 0.475000 0.412500 0.475000 0.410938 0.472917 0.409375 0.472917 0.407813 0.470833 0.406250 0.470833 0.404687 0.468750 0.384375 0.468750 0.382812 0.470833
0 0.379688 0.470833 0.378125 0.472917 0.378125 0.475000 0.379688 0.475000 0.381250 0.477083 0.381250 0.502083 0.382812 0.504167 0.382812 0.516667 0.385937 0.520833 0.403125 0.520833 0.404687 0.518750 0.406250 0.518750 0.406250 0.514583 0.407813 0.512500 0.407813 0.493750 0.409375 0.491667 0.409375 0.477083 0.410938 0.475000 0.412500 0.475000 0.410938 0.472917 0.409375 0.472917 0.407813 0.470833 0.406250 0.470833 0.404687 0.468750 0.384375 0.468750 0.382812 0.470833
0 0.584375 0.475000 0.584375 0.477083 0.585938 0.479167 0.585938 0.495833 0.587500 0.497917 0.587500 0.512500 0.590625 0.516667 0.604688 0.516667 0.606250 0.514583 0.607812 0.514583 0.607812 0.500000 0.609375 0.497917 0.609375 0.479167 0.610938 0.477083 0.612500 0.477083 0.610938 0.475000 0.607812 0.475000 0.606250 0.472917 0.589063 0.472917 0.587500 0.475000
0 0.000000 0.408333 0.000000 0.577083 0.004687 0.577083 0.006250 0.579167 0.040625 0.579167 0.042188 0.577083 0.075000 0.575000 0.076563 0.572917 0.082812 0.572917 0.090625 0.568750 0.093750 0.564583 0.093750 0.560417 0.096875 0.552083 0.096875 0.541667 0.098437 0.539583 0.098437 0.520833 0.100000 0.518750 0.100000 0.500000 0.101562 0.497917 0.101562 0.479167 0.103125 0.477083 0.104688 0.439583 0.106250 0.437500 0.112500 0.437500 0.114062 0.435417 0.112500 0.429167 0.109375 0.425000 0.106250 0.425000 0.104688 0.422917 0.096875 0.422917 0.089063 0.416667 0.079687 0.414583 0.078125 0.412500 0.064062 0.412500 0.062500 0.410417 0.053125 0.410417 0.051562 0.408333 0.020313 0.408333 0.018750 0.406250
0 0.701562 0.441667 0.701562 0.472917 0.700000 0.475000 0.701562 0.477083 0.701562 0.508333 0.700000 0.510417 0.701562 0.512500 0.701562 0.539583 0.700000 0.541667 0.706250 0.541667 0.707812 0.543750 0.745313 0.543750 0.743750 0.541667 0.743750 0.512500 0.745313 0.510417 0.743750 0.508333 0.743750 0.487500 0.745313 0.485417 0.745313 0.466667 0.743750 0.464583 0.745313 0.462500 0.745313 0.441667 0.743750 0.439583 0.714063 0.439583 0.712500 0.441667
0 0.167187 0.206250 0.153125 0.222917 0.159375 0.243750 0.160938 0.329167 0.159375 0.379167 0.154688 0.383333 0.154688 0.393750 0.159375 0.397917 0.160938 0.560417 0.154688 0.566667 0.154688 0.575000 0.160938 0.579167 0.162500 0.629167 0.160938 0.716667 0.154688 0.733333 0.162500 0.745833 0.173437 0.752083 0.221875 0.758333 0.289062 0.747917 0.343750 0.725000 0.360938 0.710417 0.367188 0.697917 0.362500 0.683333 0.360938 0.595833 0.362500 0.566667 0.367188 0.562500 0.362500 0.550000 0.362500 0.414583 0.367188 0.408333 0.362500 0.395833 0.362500 0.281250 0.367188 0.272917 0.365625 0.262500 0.359375 0.250000 0.343750 0.235417 0.287500 0.208333 0.235937 0.197917 0.195312 0.197917
0 0.454688 0.316667 0.445312 0.327083 0.445312 0.333333 0.448437 0.337500 0.448437 0.422917 0.445312 0.427083 0.448437 0.435417 0.448437 0.535417 0.445312 0.543750 0.448437 0.547917 0.450000 0.568750 0.448437 0.633333 0.445312 0.641667 0.448437 0.647917 0.457813 0.654167 0.498437 0.662500 0.542188 0.660417 0.567187 0.652083 0.573438 0.645833 0.570312 0.579167 0.571875 0.577083 0.570312 0.560417 0.573438 0.545833 0.571875 0.537500 0.573438 0.425000 0.570312 0.402083 0.571875 0.335417 0.575000 0.327083 0.562500 0.314583 0.529687 0.306250 0.493750 0.306250
0 0.445312 0.000000 0.445312 0.012500 0.448437 0.022917 0.448437 0.087500 0.445312 0.095833 0.445312 0.112500 0.448437 0.120833 0.448437 0.204167 0.445312 0.210417 0.445312 0.222917 0.448437 0.229167 0.448437 0.308333 0.445312 0.312500 0.445312 0.318750 0.448437 0.320833 0.454688 0.314583 0.479687 0.306250 0.529687 0.304167 0.557813 0.310417 0.571875 0.320833 0.575000 0.316667 0.571875 0.308333 0.571875 0.227083 0.575000 0.218750 0.571875 0.202083 0.571875 0.116667 0.575000 0.106250 0.575000 0.095833 0.571875 0.085417 0.571875 0.018750 0.575000 0.000000
0 0.998437 0.389583 0.996875 0.391667 0.985938 0.391667 0.984375 0.393750 0.976562 0.393750 0.975000 0.395833 0.968750 0.395833 0.964063 0.400000 0.967187 0.402083 0.967187 0.454167 0.964063 0.456250 0.964063 0.458333 0.967187 0.460417 0.965625 0.464583 0.965625 0.518750 0.964063 0.520833 0.965625 0.525000 0.965625 0.531250 0.967187 0.533333 0.965625 0.535417 0.967187 0.537500 0.965625 0.539583 0.967187 0.543750 0.965625 0.545833 0.965625 0.577083 0.964063 0.581250 0.967187 0.581250 0.968750 0.583333 0.976562 0.583333 0.978125 0.585417 0.987500 0.585417 0.989062 0.587500 0.998437 0.587500
